0 0
0 32
0 64
0 96
0 128
0 160
0 192
0 224
0 256
0 288
0 320
0 352
0 384
0 416
0 448
32 0
32 32
32 64
32 96
32 128
32 160
32 192
32 224
32 256
32 288
32 320
32 352
32 384
32 416
32 448
64 0
64 32
64 64
64 96
64 128
64 160
64 192
64 224
64 256
64 288
64 320
64 352
64 384
64 416
64 448
96 0
96 32
96 64
96 96
96 128
96 160
96 192
96 224
96 256
96 288
96 320
96 352
96 384
96 416
96 448
128 0
128 32
128 64
128 96
128 128
128 160
128 192
128 224
128 256
128 288
128 320
128 352
128 384
128 416
128 448
160 0
160 32
160 64
160 96
160 128
160 160
160 192
160 224
160 256
160 288
160 320
160 352
160 384
160 416
160 448
192 0
192 32
192 64
192 96
192 128
192 160
192 192
192 224
192 256
192 288
192 320
192 352
192 384
192 416
192 448
224 0
224 32
224 64
224 96
224 128
224 160
224 192
224 224
224 256
224 288
224 320
224 352
224 384
224 416
224 448
256 0
256 32
256 64
256 96
256 128
256 160
256 192
256 224
256 256
256 288
256 320
256 352
256 384
256 416
256 448
288 0
288 32
288 64
288 96
288 128
288 160
288 192
288 224
288 256
288 288
288 320
288 352
288 384
288 416
288 448
320 0
320 32
320 64
320 96
320 128
320 160
320 192
320 224
320 256
320 288
320 320
320 352
320 384
320 416
320 448
320 0
320 32
320 64
320 96
320 128
320 160
320 192
320 224
320 256
320 288
320 320
320 352
320 384
320 416
320 448
400 100
30 30
